              *****  RESULTS FILE FOR PROGRAM LDOS  *****
******************************************************************
                                        del1                        del2                        del3                           delta 1                        delta 2                        delta 3                      delt1                        delt2                        delt3
                                    0.10E-07                     0.50E-07                     0.50E-06                     0.10E-07                     0.50E-07                     0.50E-06                     0.10E-07                     0.50E-07                     0.50E-06
            omega                       LDOS_e                      LDOS_e                      LDOS_e                         LDOS_m                         LDOS_m                         LDOS_m                       iter                         iter                         iter
    0.100000000000000E+14    0.00000000000000000000E+00    0.22568603907160826338E+03    0.00000000000000000000E+00    0.00000000000000000000E+00    0.11241767983625884642E+00    0.00000000000000000000E+00    0.00000000000000000000E+00    0.22557362139177200788E+03    0.00000000000000000000E+00
    0.169614042767453E+14    0.00000000000000000000E+00    0.23281269952476654339E+03    0.00000000000000000000E+00    0.00000000000000000000E+00    0.33188212424145274726E+00    0.00000000000000000000E+00    0.00000000000000000000E+00    0.23248081740052509758E+03    0.00000000000000000000E+00
    0.238881224580655E+14    0.00000000000000000000E+00    0.24368273606536811826E+03    0.00000000000000000000E+00    0.00000000000000000000E+00    0.66580878811655042071E+00    0.00000000000000000000E+00    0.00000000000000000000E+00    0.24301692727725156828E+03    0.00000000000000000000E+00
    0.307461569609889E+14    0.00000000000000000000E+00    0.25834848054523172323E+03    0.00000000000000000000E+00    0.00000000000000000000E+00    0.10603573324837467506E+01    0.00000000000000000000E+00    0.00000000000000000000E+00    0.25728812321274796204E+03    0.00000000000000000000E+00
    0.375028546710641E+14    0.00000000000000000000E+00    0.27675070954611010166E+03    0.00000000000000000000E+00    0.00000000000000000000E+00    0.16560127045346977326E+01    0.00000000000000000000E+00    0.00000000000000000000E+00    0.27509469684157539859E+03    0.00000000000000000000E+00
    0.441275161907279E+14    0.00000000000000000000E+00    0.29900955899469954602E+03    0.00000000000000000000E+00    0.00000000000000000000E+00    0.22201976599215207386E+01    0.00000000000000000000E+00    0.00000000000000000000E+00    0.29678936133477805015E+03    0.00000000000000000000E+00
    0.505919189374746E+14    0.00000000000000000000E+00    0.32502877984280473811E+03    0.00000000000000000000E+00    0.00000000000000000000E+00    0.30199807225719230708E+01    0.00000000000000000000E+00    0.00000000000000000000E+00    0.32200879912023282259E+03    0.00000000000000000000E+00
    0.568707358963839E+14    0.00000000000000000000E+00    0.35498514307547191038E+03    0.00000000000000000000E+00    0.00000000000000000000E+00    0.37105958759776265232E+01    0.00000000000000000000E+00    0.00000000000000000000E+00    0.35127454719949429318E+03    0.00000000000000000000E+00
    0.629418832453755E+14    0.00000000000000000000E+00    0.38881890153698890344E+03    0.00000000000000000000E+00    0.00000000000000000000E+00    0.45498886668957068125E+01    0.00000000000000000000E+00    0.00000000000000000000E+00    0.38426901287009320640E+03    0.00000000000000000000E+00
    0.687866997699640E+14    0.00000000000000000000E+00    0.42659131111547969795E+03    0.00000000000000000000E+00    0.00000000000000000000E+00    0.55650723349711572752E+01    0.00000000000000000000E+00    0.00000000000000000000E+00    0.42102623878050854955E+03    0.00000000000000000000E+00
    0.743900603061576E+14    0.00000000000000000000E+00    0.46854891896613025892E+03    0.00000000000000000000E+00    0.00000000000000000000E+00    0.63494367188210167896E+01    0.00000000000000000000E+00    0.00000000000000000000E+00    0.46219948224730921993E+03    0.00000000000000000000E+00
    0.797403820926578E+14    0.00000000000000000000E+00    0.51467441090713487029E+03    0.00000000000000000000E+00    0.00000000000000000000E+00    0.72830388991641186180E+01    0.00000000000000000000E+00    0.00000000000000000000E+00    0.50739137200797080141E+03    0.00000000000000000000E+00
    0.848295017418538E+14    0.00000000000000000000E+00    0.56511578626241885104E+03    0.00000000000000000000E+00    0.00000000000000000000E+00    0.83920001204850169785E+01    0.00000000000000000000E+00    0.00000000000000000000E+00    0.55672378614193382873E+03    0.00000000000000000000E+00
    0.896525116567175E+14    0.00000000000000000000E+00    0.62018077906383825848E+03    0.00000000000000000000E+00    0.00000000000000000000E+00    0.93372965134143779409E+01    0.00000000000000000000E+00    0.00000000000000000000E+00    0.61084348255042391429E+03    0.00000000000000000000E+00
    0.942075271814982E+14    0.00000000000000000000E+00    0.68003388558841527356E+03    0.00000000000000000000E+00    0.00000000000000000000E+00    0.10265026215674041055E+02    0.00000000000000000000E+00    0.00000000000000000000E+00    0.66976885937274118987E+03    0.00000000000000000000E+00
    0.984953962443781E+14    0.00000000000000000000E+00    0.74500192936891187401E+03    0.00000000000000000000E+00    0.00000000000000000000E+00    0.10960547736220483728E+02    0.00000000000000000000E+00    0.00000000000000000000E+00    0.73404138163269135475E+03    0.00000000000000000000E+00
    0.102519363199479E+15    0.00000000000000000000E+00    0.81523059211188456175E+03    0.00000000000000000000E+00    0.00000000000000000000E+00    0.11814838786543097271E+02    0.00000000000000000000E+00    0.00000000000000000000E+00    0.80341575332534148401E+03    0.00000000000000000000E+00
    0.106284776683670E+15    0.00000000000000000000E+00    0.89110025915773837824E+03    0.00000000000000000000E+00    0.00000000000000000000E+00    0.12626477533400064956E+02    0.00000000000000000000E+00    0.00000000000000000000E+00    0.87847378162433835769E+03    0.00000000000000000000E+00
    0.109798736764427E+15    0.00000000000000000000E+00    0.97295788693128872637E+03    0.00000000000000000000E+00    0.00000000000000000000E+00    0.13390786317173096975E+02    0.00000000000000000000E+00    0.00000000000000000000E+00    0.95956710061411558854E+03    0.00000000000000000000E+00
    0.113069757562113E+15    0.00000000000000000000E+00    0.10611747359929181584E+04    0.00000000000000000000E+00    0.00000000000000000000E+00    0.14101907846732451901E+02    0.00000000000000000000E+00    0.00000000000000000000E+00    0.10470728281461856568E+04    0.00000000000000000000E+00
    0.116107491788675E+15    0.00000000000000000000E+00    0.11561588567828296163E+04    0.00000000000000000000E+00    0.00000000000000000000E+00    0.14756300066463387211E+02    0.00000000000000000000E+00    0.00000000000000000000E+00    0.11414025567163662345E+04    0.00000000000000000000E+00
    0.118922430203448E+15    0.00000000000000000000E+00    0.12583602162499373662E+04    0.00000000000000000000E+00    0.00000000000000000000E+00    0.15352781748346510327E+02    0.00000000000000000000E+00    0.00000000000000000000E+00    0.12430074345015907511E+04    0.00000000000000000000E+00
    0.121525634385974E+15    0.00000000000000000000E+00    0.13681719919743120499E+04    0.00000000000000000000E+00    0.00000000000000000000E+00    0.16167347564968526541E+02    0.00000000000000000000E+00    0.00000000000000000000E+00    0.13520046444093434275E+04    0.00000000000000000000E+00
    0.123928534656627E+15    0.00000000000000000000E+00    0.14863399879401576982E+04    0.00000000000000000000E+00    0.00000000000000000000E+00    0.16652626209620795095E+02    0.00000000000000000000E+00    0.00000000000000000000E+00    0.14696873617305368498E+04    0.00000000000000000000E+00
    0.126142719372761E+15    0.00000000000000000000E+00    0.16135051365762747082E+04    0.00000000000000000000E+00    0.00000000000000000000E+00    0.16780127483044921632E+02    0.00000000000000000000E+00    0.00000000000000000000E+00    0.15967250090932298008E+04    0.00000000000000000000E+00
    0.128179756231857E+15    0.00000000000000000000E+00    0.17501774395743434525E+04    0.00000000000000000000E+00    0.00000000000000000000E+00    0.17135413660235350619E+02    0.00000000000000000000E+00    0.00000000000000000000E+00    0.17330420259141080805E+04    0.00000000000000000000E+00
    0.130051087087508E+15    0.00000000000000000000E+00    0.18971831446672820221E+04    0.00000000000000000000E+00    0.00000000000000000000E+00    0.17748101091300544141E+02    0.00000000000000000000E+00    0.00000000000000000000E+00    0.18794350435759815809E+04    0.00000000000000000000E+00
    0.131767875276510E+15    0.00000000000000000000E+00    0.20557411399364245881E+04    0.00000000000000000000E+00    0.00000000000000000000E+00    0.17997442603000187944E+02    0.00000000000000000000E+00    0.00000000000000000000E+00    0.20377436973334242793E+04    0.00000000000000000000E+00
    0.133340936514805E+15    0.00000000000000000000E+00    0.22269084285860103591E+04    0.00000000000000000000E+00    0.00000000000000000000E+00    0.18192395892802142754E+02    0.00000000000000000000E+00    0.00000000000000000000E+00    0.22087160326932080352E+04    0.00000000000000000000E+00
    0.134780682761225E+15    0.00000000000000000000E+00    0.24122062626747238028E+04    0.00000000000000000000E+00    0.00000000000000000000E+00    0.17991159654483766417E+02    0.00000000000000000000E+00    0.00000000000000000000E+00    0.23942151030202398942E+04    0.00000000000000000000E+00
    0.136097044930760E+15    0.00000000000000000000E+00    0.26130132434020565597E+04    0.00000000000000000000E+00    0.00000000000000000000E+00    0.18074741622383722728E+02    0.00000000000000000000E+00    0.00000000000000000000E+00    0.25949385017796730608E+04    0.00000000000000000000E+00
    0.137299454891418E+15    0.00000000000000000000E+00    0.28314071867443358315E+04    0.00000000000000000000E+00    0.00000000000000000000E+00    0.18112038825101713257E+02    0.00000000000000000000E+00    0.00000000000000000000E+00    0.28132951479192342958E+04    0.00000000000000000000E+00
    0.138396834352136E+15    0.00000000000000000000E+00    0.30696856218625398469E+04    0.00000000000000000000E+00    0.00000000000000000000E+00    0.18105895574529956349E+02    0.00000000000000000000E+00    0.00000000000000000000E+00    0.30515797262880100789E+04    0.00000000000000000000E+00
    0.139397564674536E+15    0.00000000000000000000E+00    0.33303770111925487072E+04    0.00000000000000000000E+00    0.00000000000000000000E+00    0.18439686116533891891E+02    0.00000000000000000000E+00    0.00000000000000000000E+00    0.33119373250760149858E+04    0.00000000000000000000E+00
    0.140309498971633E+15    0.00000000000000000000E+00    0.36169441378813694428E+04    0.00000000000000000000E+00    0.00000000000000000000E+00    0.18363674613660247559E+02    0.00000000000000000000E+00    0.00000000000000000000E+00    0.35985804632677090922E+04    0.00000000000000000000E+00
    0.141139976348251E+15    0.00000000000000000000E+00    0.39328801868474247385E+04    0.00000000000000000000E+00    0.00000000000000000000E+00    0.18252985512090607045E+02    0.00000000000000000000E+00    0.00000000000000000000E+00    0.39146272013353341208E+04    0.00000000000000000000E+00
    0.141895818928820E+15    0.00000000000000000000E+00    0.42823829216605199690E+04    0.00000000000000000000E+00    0.00000000000000000000E+00    0.18110527695137800919E+02    0.00000000000000000000E+00    0.00000000000000000000E+00    0.42642723939653824345E+04    0.00000000000000000000E+00
    0.142583358371045E+15    0.00000000000000000000E+00    0.46704467637811594614E+04    0.00000000000000000000E+00    0.00000000000000000000E+00    0.17520026970013457657E+02    0.00000000000000000000E+00    0.00000000000000000000E+00    0.46529267368111459291E+04    0.00000000000000000000E+00
    0.143208461551519E+15    0.00000000000000000000E+00    0.51019359274815060417E+04    0.00000000000000000000E+00    0.00000000000000000000E+00    0.17741111531693015024E+02    0.00000000000000000000E+00    0.00000000000000000000E+00    0.50841948159498133464E+04    0.00000000000000000000E+00
    0.143776541180567E+15    0.00000000000000000000E+00    0.55837916031122758795E+04    0.00000000000000000000E+00    0.00000000000000000000E+00    0.17082715807077264003E+02    0.00000000000000000000E+00    0.00000000000000000000E+00    0.55667088873051989140E+04    0.00000000000000000000E+00
    0.144292586768306E+15    0.00000000000000000000E+00    0.61220234830287090517E+04    0.00000000000000000000E+00    0.00000000000000000000E+00    0.17278186873583017302E+02    0.00000000000000000000E+00    0.00000000000000000000E+00    0.61047452961551261978E+04    0.00000000000000000000E+00
    0.144761193261780E+15    0.00000000000000000000E+00    0.67248562898506352212E+04    0.00000000000000000000E+00    0.00000000000000000000E+00    0.17017751444014191264E+02    0.00000000000000000000E+00    0.00000000000000000000E+00    0.67078385384066214101E+04    0.00000000000000000000E+00
    0.145186576939726E+15    0.00000000000000000000E+00    0.74003712229536922678E+04    0.00000000000000000000E+00    0.00000000000000000000E+00    0.16741467127744311227E+02    0.00000000000000000000E+00    0.00000000000000000000E+00    0.73836297558259475409E+04    0.00000000000000000000E+00
    0.145572605334145E+15    0.00000000000000000000E+00    0.81575330405366503328E+04    0.00000000000000000000E+00    0.00000000000000000000E+00    0.16451664023194027209E+02    0.00000000000000000000E+00    0.00000000000000000000E+00    0.81410813765134562345E+04    0.00000000000000000000E+00
    0.145922824302086E+15    0.00000000000000000000E+00    0.90058996226492436108E+04    0.00000000000000000000E+00    0.00000000000000000000E+00    0.16150410626304008588E+02    0.00000000000000000000E+00    0.00000000000000000000E+00    0.89897492120229399006E+04    0.00000000000000000000E+00
    0.146240474651073E+15    0.00000000000000000000E+00    0.99557389676177590445E+04    0.00000000000000000000E+00    0.00000000000000000000E+00    0.15349817670725906638E+02    0.00000000000000000000E+00    0.00000000000000000000E+00    0.99403891499470337294E+04    0.00000000000000000000E+00
    0.146528518474103E+15    0.00000000000000000000E+00    0.11016466086742660991E+05    0.00000000000000000000E+00    0.00000000000000000000E+00    0.15521057359811837983E+02    0.00000000000000000000E+00    0.00000000000000000000E+00    0.11000945029382848588E+05    0.00000000000000000000E+00
    0.146789662673835E+15    0.00000000000000000000E+00    0.12199092777514510090E+05    0.00000000000000000000E+00    0.00000000000000000000E+00    0.15197507676097712803E+02    0.00000000000000000000E+00    0.00000000000000000000E+00    0.12183895269838412787E+05    0.00000000000000000000E+00
    0.147026374132771E+15    0.00000000000000000000E+00    0.13513380656398676365E+05    0.00000000000000000000E+00    0.00000000000000000000E+00    0.14357483655400853806E+02    0.00000000000000000000E+00    0.00000000000000000000E+00    0.13499023172743274699E+05    0.00000000000000000000E+00
    0.147240901655460E+15    0.00000000000000000000E+00    0.14967220917340402593E+05    0.00000000000000000000E+00    0.00000000000000000000E+00    0.14539577206009802524E+02    0.00000000000000000000E+00    0.00000000000000000000E+00    0.14952681340134393395E+05    0.00000000000000000000E+00
    0.147435294862540E+15    0.00000000000000000000E+00    0.16569115861231319286E+05    0.00000000000000000000E+00    0.00000000000000000000E+00    0.13683551404114419725E+02    0.00000000000000000000E+00    0.00000000000000000000E+00    0.16555432309827203426E+05    0.00000000000000000000E+00
    0.147611419311083E+15    0.00000000000000000000E+00    0.18322811028597425320E+05    0.00000000000000000000E+00    0.00000000000000000000E+00    0.13878895030721457360E+02    0.00000000000000000000E+00    0.00000000000000000000E+00    0.18308932133566704579E+05    0.00000000000000000000E+00
    0.147770971160972E+15    0.00000000000000000000E+00    0.20231591604257719155E+05    0.00000000000000000000E+00    0.00000000000000000000E+00    0.13014753777548410341E+02    0.00000000000000000000E+00    0.00000000000000000000E+00    0.20218576850480170833E+05    0.00000000000000000000E+00
    0.147915493239760E+15    0.00000000000000000000E+00    0.22292557403734146646E+05    0.00000000000000000000E+00    0.00000000000000000000E+00    0.12684811532295547920E+02    0.00000000000000000000E+00    0.00000000000000000000E+00    0.22279872592201849329E+05    0.00000000000000000000E+00
    0.148046387742873E+15    0.00000000000000000000E+00    0.24499107306784946559E+05    0.00000000000000000000E+00    0.00000000000000000000E+00    0.12906659592053959074E+02    0.00000000000000000000E+00    0.00000000000000000000E+00    0.24486200647192894394E+05    0.00000000000000000000E+00
    0.148164928508497E+15    0.00000000000000000000E+00    0.26840373770175207028E+05    0.00000000000000000000E+00    0.00000000000000000000E+00    0.12043765253301122797E+02    0.00000000000000000000E+00    0.00000000000000000000E+00    0.26828330004921906948E+05    0.00000000000000000000E+00
    0.148272271718517E+15    0.00000000000000000000E+00    0.29297447099988337868E+05    0.00000000000000000000E+00    0.00000000000000000000E+00    0.11733104975445520779E+02    0.00000000000000000000E+00    0.00000000000000000000E+00    0.29285713995012891246E+05    0.00000000000000000000E+00
    0.148369468755411E+15    0.00000000000000000000E+00    0.31846546218282081099E+05    0.00000000000000000000E+00    0.00000000000000000000E+00    0.11986695886184890014E+02    0.00000000000000000000E+00    0.00000000000000000000E+00    0.31834559522395895328E+05    0.00000000000000000000E+00
    0.148457471945771E+15    0.00000000000000000000E+00    0.34458970640553874546E+05    0.00000000000000000000E+00    0.00000000000000000000E+00    0.11696276851684050513E+02    0.00000000000000000000E+00    0.00000000000000000000E+00    0.34447274363702192204E+05    0.00000000000000000000E+00
    0.148537145889871E+15    0.00000000000000000000E+00    0.37100058220534476277E+05    0.00000000000000000000E+00    0.00000000000000000000E+00    0.11415644315718820323E+02    0.00000000000000000000E+00    0.00000000000000000000E+00    0.37088642576218757313E+05    0.00000000000000000000E+00
    0.148609274792796E+15    0.00000000000000000000E+00    0.39732499964183451084E+05    0.00000000000000000000E+00    0.00000000000000000000E+00    0.10587074201815903862E+02    0.00000000000000000000E+00    0.00000000000000000000E+00    0.39721912889981635089E+05    0.00000000000000000000E+00
    0.148674569774419E+15    0.00000000000000000000E+00    0.42316123296365498391E+05    0.00000000000000000000E+00    0.00000000000000000000E+00    0.10327817221769578282E+02    0.00000000000000000000E+00    0.00000000000000000000E+00    0.42305795479143729608E+05    0.00000000000000000000E+00
    0.148733675213266E+15    0.00000000000000000000E+00    0.44812560558715143998E+05    0.00000000000000000000E+00    0.00000000000000000000E+00    0.10080881180779782014E+02    0.00000000000000000000E+00    0.00000000000000000000E+00    0.44802479677534363873E+05    0.00000000000000000000E+00
    0.148787176195303E+15    0.00000000000000000000E+00    0.47185447437959293893E+05    0.00000000000000000000E+00    0.00000000000000000000E+00    0.10405976394541028185E+02    0.00000000000000000000E+00    0.00000000000000000000E+00    0.47175041461564753263E+05    0.00000000000000000000E+00
    0.148835601978717E+15    0.00000000000000000000E+00    0.49404614812758052722E+05    0.00000000000000000000E+00    0.00000000000000000000E+00    0.10183819511932746593E+02    0.00000000000000000000E+00    0.00000000000000000000E+00    0.49394430993246118305E+05    0.00000000000000000000E+00
    0.148879432479098E+15    0.00000000000000000000E+00    0.51445136261105602898E+05    0.00000000000000000000E+00    0.00000000000000000000E+00    0.99744363611553676918E+01    0.00000000000000000000E+00    0.00000000000000000000E+00    0.51435161824744449405E+05    0.00000000000000000000E+00
    0.148919102507329E+15    0.00000000000000000000E+00    0.53290112312221564935E+05    0.00000000000000000000E+00    0.00000000000000000000E+00    0.97778821132445994380E+01    0.00000000000000000000E+00    0.00000000000000000000E+00    0.53280334430108319793E+05    0.00000000000000000000E+00
    0.148955005757108E+15    0.00000000000000000000E+00    0.54930551888644920837E+05    0.00000000000000000000E+00    0.00000000000000000000E+00    0.95940824353739166952E+01    0.00000000000000000000E+00    0.00000000000000000000E+00    0.54920957806209546106E+05    0.00000000000000000000E+00
    0.148987499439036E+15    0.00000000000000000000E+00    0.56365567235461312521E+05    0.00000000000000000000E+00    0.00000000000000000000E+00    0.88730881080646710757E+01    0.00000000000000000000E+00    0.00000000000000000000E+00    0.56356694147353249718E+05    0.00000000000000000000E+00
    0.149016906474530E+15    0.00000000000000000000E+00    0.57599396294737285643E+05    0.00000000000000000000E+00    0.00000000000000000000E+00    0.87162799444842775642E+01    0.00000000000000000000E+00    0.00000000000000000000E+00    0.57590680014792800648E+05    0.00000000000000000000E+00
    0.149043519507974E+15    0.00000000000000000000E+00    0.58643174217829197005E+05    0.00000000000000000000E+00    0.00000000000000000000E+00    0.85714089240371524880E+01    0.00000000000000000000E+00    0.00000000000000000000E+00    0.58634602808905161510E+05    0.00000000000000000000E+00
    0.149067603540210E+15    0.00000000000000000000E+00    0.59511481747728881601E+05    0.00000000000000000000E+00    0.00000000000000000000E+00    0.84379479459519082241E+01    0.00000000000000000000E+00    0.00000000000000000000E+00    0.59503043799782928545E+05    0.00000000000000000000E+00
    0.149089398521275E+15    0.00000000000000000000E+00    0.60221403823632572312E+05    0.00000000000000000000E+00    0.00000000000000000000E+00    0.83153143698449163423E+01    0.00000000000000000000E+00    0.00000000000000000000E+00    0.60213088509262728621E+05    0.00000000000000000000E+00
    0.149109121592663E+15    0.00000000000000000000E+00    0.60791233667769971362E+05    0.00000000000000000000E+00    0.00000000000000000000E+00    0.82028886253007264884E+01    0.00000000000000000000E+00    0.00000000000000000000E+00    0.60783030779144668486E+05    0.00000000000000000000E+00
    0.149126969675191E+15    0.00000000000000000000E+00    0.61239418163174465008E+05    0.00000000000000000000E+00    0.00000000000000000000E+00    0.81000281712402095735E+01    0.00000000000000000000E+00    0.00000000000000000000E+00    0.61231318135003224597E+05    0.00000000000000000000E+00
    0.149143120708603E+15    0.00000000000000000000E+00    0.61583728680338652339E+05    0.00000000000000000000E+00    0.00000000000000000000E+00    0.80060860081872995409E+01    0.00000000000000000000E+00    0.00000000000000000000E+00    0.61575722594330465654E+05    0.00000000000000000000E+00
    0.149157735883611E+15    0.00000000000000000000E+00    0.61840716936412369250E+05    0.00000000000000000000E+00    0.00000000000000000000E+00    0.79204201730082708366E+01    0.00000000000000000000E+00    0.00000000000000000000E+00    0.61832796516239359335E+05    0.00000000000000000000E+00
    0.149170961111337E+15    0.00000000000000000000E+00    0.62025373882881242025E+05    0.00000000000000000000E+00    0.00000000000000000000E+00    0.78424042203679764640E+01    0.00000000000000000000E+00    0.00000000000000000000E+00    0.62017531478660872381E+05    0.00000000000000000000E+00
    0.149182928466114E+15    0.00000000000000000000E+00    0.62150970848658267641E+05    0.00000000000000000000E+00    0.00000000000000000000E+00    0.77714346932433242543E+01    0.00000000000000000000E+00    0.00000000000000000000E+00    0.62143199413965026906E+05    0.00000000000000000000E+00
    0.149193757432305E+15    0.00000000000000000000E+00    0.62228438035000603122E+05    0.00000000000000000000E+00    0.00000000000000000000E+00    0.82336968395007605892E+01    0.00000000000000000000E+00    0.00000000000000000000E+00    0.62220204338161100168E+05    0.00000000000000000000E+00
    0.149203556337962E+15    0.00000000000000000000E+00    0.62268807946758272010E+05    0.00000000000000000000E+00    0.00000000000000000000E+00    0.81734009796533406700E+01    0.00000000000000000000E+00    0.00000000000000000000E+00    0.62260634545778615575E+05    0.00000000000000000000E+00
    0.149212423045843E+15    0.00000000000000000000E+00    0.62279785005927486054E+05    0.00000000000000000000E+00    0.00000000000000000000E+00    0.81186354057284404462E+01    0.00000000000000000000E+00    0.00000000000000000000E+00    0.62271666370521757926E+05    0.00000000000000000000E+00
    0.149220446187404E+15    0.00000000000000000000E+00    0.62268265827678173082E+05    0.00000000000000000000E+00    0.00000000000000000000E+00    0.80689241746212303497E+01    0.00000000000000000000E+00    0.00000000000000000000E+00    0.62260196903503550857E+05    0.00000000000000000000E+00
    0.149227705976479E+15    0.00000000000000000000E+00    0.62239918576726195170E+05    0.00000000000000000000E+00    0.00000000000000000000E+00    0.80238247082660176801E+01    0.00000000000000000000E+00    0.00000000000000000000E+00    0.62231894752017928113E+05    0.00000000000000000000E+00
    0.149234275007048E+15    0.00000000000000000000E+00    0.62199350491168661392E+05    0.00000000000000000000E+00    0.00000000000000000000E+00    0.79829273490662853163E+01    0.00000000000000000000E+00    0.00000000000000000000E+00    0.62191367563819592760E+05    0.00000000000000000000E+00
    0.149240218942354E+15    0.00000000000000000000E+00    0.62150266575419169385E+05    0.00000000000000000000E+00    0.00000000000000000000E+00    0.79458545754353764323E+01    0.00000000000000000000E+00    0.00000000000000000000E+00    0.62142320720843730669E+05    0.00000000000000000000E+00
    0.149245597305690E+15    0.00000000000000000000E+00    0.62095612261322814447E+05    0.00000000000000000000E+00    0.00000000000000000000E+00    0.79122587758187208351E+01    0.00000000000000000000E+00    0.00000000000000000000E+00    0.62087700002546996984E+05    0.00000000000000000000E+00
    0.149250463862845E+15    0.00000000000000000000E+00    0.62037703336326077988E+05    0.00000000000000000000E+00    0.00000000000000000000E+00    0.78818219370546067637E+01    0.00000000000000000000E+00    0.00000000000000000000E+00    0.62029821514389026561E+05    0.00000000000000000000E+00
    0.149254867301989E+15    0.00000000000000000000E+00    0.61978335801188819460E+05    0.00000000000000000000E+00    0.00000000000000000000E+00    0.78542529847924802411E+01    0.00000000000000000000E+00    0.00000000000000000000E+00    0.61970481548204028513E+05    0.00000000000000000000E+00
    0.149258851682373E+15    0.00000000000000000000E+00    0.61918881912705983268E+05    0.00000000000000000000E+00    0.00000000000000000000E+00    0.78292861844226750989E+01    0.00000000000000000000E+00    0.00000000000000000000E+00    0.61911052626521559432E+05    0.00000000000000000000E+00
    0.149262456873912E+15    0.00000000000000000000E+00    0.61860370458581317507E+05    0.00000000000000000000E+00    0.00000000000000000000E+00    0.78066793064026258619E+01    0.00000000000000000000E+00    0.00000000000000000000E+00    0.61852563779274918488E+05    0.00000000000000000000E+00
    0.149265718936807E+15    0.00000000000000000000E+00    0.61803554661983420374E+05    0.00000000000000000000E+00    0.00000000000000000000E+00    0.77862119424228080078E+01    0.00000000000000000000E+00    0.00000000000000000000E+00    0.61795768450040995958E+05    0.00000000000000000000E+00
    0.149268670556693E+15    0.00000000000000000000E+00    0.61748967059009752120E+05    0.00000000000000000000E+00    0.00000000000000000000E+00    0.77676833014883222006E+01    0.00000000000000000000E+00    0.00000000000000000000E+00    0.61741199375708267326E+05    0.00000000000000000000E+00
    0.149271341255487E+15    0.00000000000000000000E+00    0.61696967404445720604E+05    0.00000000000000000000E+00    0.00000000000000000000E+00    0.77509112830427335794E+01    0.00000000000000000000E+00    0.00000000000000000000E+00    0.61689216493162675761E+05    0.00000000000000000000E+00
    0.149273757765274E+15    0.00000000000000000000E+00    0.61647779362680266786E+05    0.00000000000000000000E+00    0.00000000000000000000E+00    0.77357304284647208092E+01    0.00000000000000000000E+00    0.00000000000000000000E+00    0.61640043632251799863E+05    0.00000000000000000000E+00
    0.149275944275192E+15    0.00000000000000000000E+00    0.61601521093173098052E+05    0.00000000000000000000E+00    0.00000000000000000000E+00    0.77219905948099283322E+01    0.00000000000000000000E+00    0.00000000000000000000E+00    0.61593799102578290331E+05    0.00000000000000000000E+00
    0.149277922673180E+15    0.00000000000000000000E+00    0.61558230471301023499E+05    0.00000000000000000000E+00    0.00000000000000000000E+00    0.77095556046935813654E+01    0.00000000000000000000E+00    0.00000000000000000000E+00    0.61550520915696331940E+05    0.00000000000000000000E+00
    0.149279712754734E+15    0.00000000000000000000E+00    0.61517884985951386625E+05    0.00000000000000000000E+00    0.00000000000000000000E+00    0.76983020611210282169E+01    0.00000000000000000000E+00    0.00000000000000000000E+00    0.61510186683890264248E+05    0.00000000000000000000E+00
    0.149281332462047E+15    0.00000000000000000000E+00    0.61480416770509589696E+05    0.00000000000000000000E+00    0.00000000000000000000E+00    0.76881179392878760126E+01    0.00000000000000000000E+00    0.00000000000000000000E+00    0.61472728652570302074E+05    0.00000000000000000000E+00
    0.149282798000000E+15    0.00000000000000000000E+00    0.61445726713305739395E+05    0.00000000000000000000E+00    0.00000000000000000000E+00    0.76789019286921451624E+01    0.00000000000000000000E+00    0.00000000000000000000E+00    0.61438047811377044127E+05    0.00000000000000000000E+00
    0.149283122046076E+15    0.00000000000000000000E+00    0.61437955272535698896E+05    0.00000000000000000000E+00    0.00000000000000000000E+00    0.76768640197866462316E+01    0.00000000000000000000E+00    0.00000000000000000000E+00    0.61430278408515914634E+05    0.00000000000000000000E+00
    0.149283517854069E+15    0.00000000000000000000E+00    0.61428413100601217593E+05    0.00000000000000000000E+00    0.00000000000000000000E+00    0.76743747329214055952E+01    0.00000000000000000000E+00    0.00000000000000000000E+00    0.61420738725868293841E+05    0.00000000000000000000E+00
    0.149284001313493E+15    0.00000000000000000000E+00    0.61416683747546048835E+05    0.00000000000000000000E+00    0.00000000000000000000E+00    0.76713340915939838283E+01    0.00000000000000000000E+00    0.00000000000000000000E+00    0.61409012413454453053E+05    0.00000000000000000000E+00
    0.149284591830604E+15    0.00000000000000000000E+00    0.61402246435855275195E+05    0.00000000000000000000E+00    0.00000000000000000000E+00    0.76676199780850398113E+01    0.00000000000000000000E+00    0.00000000000000000000E+00    0.61394578815877190209E+05    0.00000000000000000000E+00
    0.149285313106608E+15    0.00000000000000000000E+00    0.61384447338630052400E+05    0.00000000000000000000E+00    0.00000000000000000000E+00    0.76630832288018275733E+01    0.00000000000000000000E+00    0.00000000000000000000E+00    0.61376784255401253176E+05    0.00000000000000000000E+00
    0.149286194087211E+15    0.00000000000000000000E+00    0.61362461198902099568E+05    0.00000000000000000000E+00    0.00000000000000000000E+00    0.76575416484683955787E+01    0.00000000000000000000E+00    0.00000000000000000000E+00    0.61354803657253629353E+05    0.00000000000000000000E+00
    0.149287270119846E+15    0.00000000000000000000E+00    0.61335240164669026854E+05    0.00000000000000000000E+00    0.00000000000000000000E+00    0.76507727146392552342E+01    0.00000000000000000000E+00    0.00000000000000000000E+00    0.61327589391954388702E+05    0.00000000000000000000E+00
    0.149288584372161E+15    0.00000000000000000000E+00    0.61301445396562405222E+05    0.00000000000000000000E+00    0.00000000000000000000E+00    0.76425046365686677419E+01    0.00000000000000000000E+00    0.00000000000000000000E+00    0.61293802891925835866E+05    0.00000000000000000000E+00
    0.149290189552792E+15    0.00000000000000000000E+00    0.61259353323095449014E+05    0.00000000000000000000E+00    0.00000000000000000000E+00    0.76324055143065887563E+01    0.00000000000000000000E+00    0.00000000000000000000E+00    0.61251720917581144022E+05    0.00000000000000000000E+00
    0.149292150017917E+15    0.00000000000000000000E+00    0.61206727740044036182E+05    0.00000000000000000000E+00    0.00000000000000000000E+00    0.76200700833919272625E+01    0.00000000000000000000E+00    0.00000000000000000000E+00    0.61199107669960641942E+05    0.00000000000000000000E+00
    0.149294544343762E+15    0.00000000000000000000E+00    0.61140641846849008289E+05    0.00000000000000000000E+00    0.00000000000000000000E+00    0.76050035643227742455E+01    0.00000000000000000000E+00    0.00000000000000000000E+00    0.61133036843284688075E+05    0.00000000000000000000E+00
    0.149297468447541E+15    0.00000000000000000000E+00    0.61057230924135466921E+05    0.00000000000000000000E+00    0.00000000000000000000E+00    0.75866021482477670190E+01    0.00000000000000000000E+00    0.00000000000000000000E+00    0.61049644321987216244E+05    0.00000000000000000000E+00
    0.149301039403350E+15    0.00000000000000000000E+00    0.60951345038345098146E+05    0.00000000000000000000E+00    0.00000000000000000000E+00    0.75641292995518973896E+01    0.00000000000000000000E+00    0.00000000000000000000E+00    0.60943780909045548469E+05    0.00000000000000000000E+00
    0.149305400092309E+15    0.00000000000000000000E+00    0.60816057952544761065E+05    0.00000000000000000000E+00    0.00000000000000000000E+00    0.75366872025718443240E+01    0.00000000000000000000E+00    0.00000000000000000000E+00    0.60808521265342191327E+05    0.00000000000000000000E+00
    0.149310724856521E+15    0.00000000000000000000E+00    0.60641974701812709100E+05    0.00000000000000000000E+00    0.00000000000000000000E+00    0.75031826827425112114E+01    0.00000000000000000000E+00    0.00000000000000000000E+00    0.60634471519129969238E+05    0.00000000000000000000E+00
    0.149317226341056E+15    0.00000000000000000000E+00    0.60416253538687371474E+05    0.00000000000000000000E+00    0.00000000000000000000E+00    0.74622872077172921479E+01    0.00000000000000000000E+00    0.00000000000000000000E+00    0.60408791251479655330E+05    0.00000000000000000000E+00
    0.149325163889654E+15    0.00000000000000000000E+00    0.60121229865512730612E+05    0.00000000000000000000E+00    0.00000000000000000000E+00    0.74123901226374302453E+01    0.00000000000000000000E+00    0.00000000000000000000E+00    0.60113817475390096661E+05    0.00000000000000000000E+00
    0.149334853660684E+15    0.00000000000000000000E+00    0.59732509862271261227E+05    0.00000000000000000000E+00    0.00000000000000000000E+00    0.73515468150309493112E+01    0.00000000000000000000E+00    0.00000000000000000000E+00    0.59725158315456232231E+05    0.00000000000000000000E+00
    0.149346680846490E+15    0.00000000000000000000E+00    0.59216390320109989261E+05    0.00000000000000000000E+00    0.00000000000000000000E+00    0.72774245115863998024E+01    0.00000000000000000000E+00    0.00000000000000000000E+00    0.59209112895598402247E+05    0.00000000000000000000E+00
    0.149361114597182E+15    0.00000000000000000000E+00    0.58526505119184454088E+05    0.00000000000000000000E+00    0.00000000000000000000E+00    0.71872513343279074149E+01    0.00000000000000000000E+00    0.00000000000000000000E+00    0.58519317867850128096E+05    0.00000000000000000000E+00
    0.149378725896631E+15    0.00000000000000000000E+00    0.57599823896122805309E+05    0.00000000000000000000E+00    0.00000000000000000000E+00    0.70777840201619977023E+01    0.00000000000000000000E+00    0.00000000000000000000E+00    0.57592746112102642655E+05    0.00000000000000000000E+00
    0.149400209001101E+15    0.00000000000000000000E+00    0.56353442582217379822E+05    0.00000000000000000000E+00    0.00000000000000000000E+00    0.64696792435304590896E+01    0.00000000000000000000E+00    0.00000000000000000000E+00    0.56346972902973851888E+05    0.00000000000000000000E+00
    0.149426407405349E+15    0.00000000000000000000E+00    0.54679267885736939206E+05    0.00000000000000000000E+00    0.00000000000000000000E+00    0.63183104658507547313E+01    0.00000000000000000000E+00    0.00000000000000000000E+00    0.54672949575271086360E+05    0.00000000000000000000E+00
    0.149458344598395E+15    0.00000000000000000000E+00    0.52452146575087041128E+05    0.00000000000000000000E+00    0.00000000000000000000E+00    0.61379538175237424724E+01    0.00000000000000000000E+00    0.00000000000000000000E+00    0.52446008621269516880E+05    0.00000000000000000000E+00
    0.149497260380193E+15    0.00000000000000000000E+00    0.49542534634493917110E+05    0.00000000000000000000E+00    0.00000000000000000000E+00    0.59254472475362014450E+01    0.00000000000000000000E+00    0.00000000000000000000E+00    0.49536609187246380316E+05    0.00000000000000000000E+00
    0.149544654531226E+15    0.00000000000000000000E+00    0.45852751506757354946E+05    0.00000000000000000000E+00    0.00000000000000000000E+00    0.56789370984620664018E+01    0.00000000000000000000E+00    0.00000000000000000000E+00    0.45847072569658892462E+05    0.00000000000000000000E+00
    0.149602336399810E+15    0.00000000000000000000E+00    0.41372542757286049891E+05    0.00000000000000000000E+00    0.00000000000000000000E+00    0.58061641150578111592E+01    0.00000000000000000000E+00    0.00000000000000000000E+00    0.41366736593170993729E+05    0.00000000000000000000E+00
    0.149672483183750E+15    0.00000000000000000000E+00    0.36242694624245188606E+05    0.00000000000000000000E+00    0.00000000000000000000E+00    0.54711946117131455836E+01    0.00000000000000000000E+00    0.00000000000000000000E+00    0.36237223429633471824E+05    0.00000000000000000000E+00
    0.149757706730345E+15    0.00000000000000000000E+00    0.30767367622787329310E+05    0.00000000000000000000E+00    0.00000000000000000000E+00    0.51094472203562073531E+01    0.00000000000000000000E+00    0.00000000000000000000E+00    0.30762258175566974387E+05    0.00000000000000000000E+00
    0.149861125904556E+15    0.00000000000000000000E+00    0.25359027323923226504E+05    0.00000000000000000000E+00    0.00000000000000000000E+00    0.44135630328060786454E+01    0.00000000000000000000E+00    0.00000000000000000000E+00    0.25354613760890420963E+05    0.00000000000000000000E+00
    0.149986446734044E+15    0.00000000000000000000E+00    0.20406204063573568419E+05    0.00000000000000000000E+00    0.00000000000000000000E+00    0.40678505548865357966E+01    0.00000000000000000000E+00    0.00000000000000000000E+00    0.20402136213018682611E+05    0.00000000000000000000E+00
    0.150138046814513E+15    0.00000000000000000000E+00    0.16168944018701558889E+05    0.00000000000000000000E+00    0.00000000000000000000E+00    0.39774581657619862973E+01    0.00000000000000000000E+00    0.00000000000000000000E+00    0.16164966560535796816E+05    0.00000000000000000000E+00
    0.150321054375287E+15    0.00000000000000000000E+00    0.12753584199438590076E+05    0.00000000000000000000E+00    0.00000000000000000000E+00    0.34113905161848858683E+01    0.00000000000000000000E+00    0.00000000000000000000E+00    0.12750172808922405238E+05    0.00000000000000000000E+00
    0.150541420321338E+15    0.00000000000000000000E+00    0.10107346490640531556E+05    0.00000000000000000000E+00    0.00000000000000000000E+00    0.32900373392914792348E+01    0.00000000000000000000E+00    0.00000000000000000000E+00    0.10104056453301240253E+05    0.00000000000000000000E+00
    0.150805969867976E+15    0.00000000000000000000E+00    0.81454295912800862425E+04    0.00000000000000000000E+00    0.00000000000000000000E+00    0.28391662072305701159E+01    0.00000000000000000000E+00    0.00000000000000000000E+00    0.81425904250728553961E+04    0.00000000000000000000E+00
    0.151122408602129E+15    0.00000000000000000000E+00    0.67159635698692145525E+04    0.00000000000000000000E+00    0.00000000000000000000E+00    0.25913732751131388632E+01    0.00000000000000000000E+00    0.00000000000000000000E+00    0.67133721965941012968E+04    0.00000000000000000000E+00
    0.151499271269387E+15    0.00000000000000000000E+00    0.57035772901408117832E+04    0.00000000000000000000E+00    0.00000000000000000000E+00    0.23695448878784945990E+01    0.00000000000000000000E+00    0.00000000000000000000E+00    0.57012077452529329094E+04    0.00000000000000000000E+00
    0.151945781986958E+15    0.00000000000000000000E+00    0.50144065404968150688E+04    0.00000000000000000000E+00    0.00000000000000000000E+00    0.21732724314818629985E+01    0.00000000000000000000E+00    0.00000000000000000000E+00    0.50122332680653335046E+04    0.00000000000000000000E+00
    0.152471579052547E+15    0.00000000000000000000E+00    0.45649690711221974198E+04    0.00000000000000000000E+00    0.00000000000000000000E+00    0.20664798598542235553E+01    0.00000000000000000000E+00    0.00000000000000000000E+00    0.45629025912623428667E+04    0.00000000000000000000E+00
    0.153086289866984E+15    0.00000000000000000000E+00    0.43042359487574549348E+04    0.00000000000000000000E+00    0.00000000000000000000E+00    0.18542007755944431846E+01    0.00000000000000000000E+00    0.00000000000000000000E+00    0.43023817479818608263E+04    0.00000000000000000000E+00
    0.153798923776780E+15    0.00000000000000000000E+00    0.41897457702689998769E+04    0.00000000000000000000E+00    0.00000000000000000000E+00    0.17718504751893544569E+01    0.00000000000000000000E+00    0.00000000000000000000E+00    0.41879739197938106372E+04    0.00000000000000000000E+00
    0.154617051590014E+15    0.00000000000000000000E+00    0.42037128087089022301E+04    0.00000000000000000000E+00    0.00000000000000000000E+00    0.16609439379730244202E+01    0.00000000000000000000E+00    0.00000000000000000000E+00    0.42020518647709295692E+04    0.00000000000000000000E+00
    0.155545826710335E+15    0.00000000000000000000E+00    0.43313293919526395257E+04    0.00000000000000000000E+00    0.00000000000000000000E+00    0.15437853667916996425E+01    0.00000000000000000000E+00    0.00000000000000000000E+00    0.43297856065858477450E+04    0.00000000000000000000E+00
    0.156586908859878E+15    0.00000000000000000000E+00    0.45758716356275836006E+04    0.00000000000000000000E+00    0.00000000000000000000E+00    0.15055910618869232653E+01    0.00000000000000000000E+00    0.00000000000000000000E+00    0.45743660445656969387E+04    0.00000000000000000000E+00
    0.157737386590782E+15    0.00000000000000000000E+00    0.49493629249167443049E+04    0.00000000000000000000E+00    0.00000000000000000000E+00    0.14388946879927426714E+01    0.00000000000000000000E+00    0.00000000000000000000E+00    0.49479240302287516897E+04    0.00000000000000000000E+00
    0.158988929626831E+15    0.00000000000000000000E+00    0.54723785924039311794E+04    0.00000000000000000000E+00    0.00000000000000000000E+00    0.14329405531647925187E+01    0.00000000000000000000E+00    0.00000000000000000000E+00    0.54709456518507668079E+04    0.00000000000000000000E+00
    0.160327364378190E+15    0.00000000000000000000E+00    0.61851619842090321981E+04    0.00000000000000000000E+00    0.00000000000000000000E+00    0.14263671986183135143E+01    0.00000000000000000000E+00    0.00000000000000000000E+00    0.61837356170104139892E+04    0.00000000000000000000E+00
    0.161732823709935E+15    0.00000000000000000000E+00    0.71423565670894859068E+04    0.00000000000000000000E+00    0.00000000000000000000E+00    0.14258833638698642510E+01    0.00000000000000000000E+00    0.00000000000000000000E+00    0.71409306837256162908E+04    0.00000000000000000000E+00
    0.163180647409966E+15    0.00000000000000000000E+00    0.84273298991287701938E+04    0.00000000000000000000E+00    0.00000000000000000000E+00    0.14722186966486323634E+01    0.00000000000000000000E+00    0.00000000000000000000E+00    0.84258576804321219242E+04    0.00000000000000000000E+00
    0.164642971282729E+15    0.00000000000000000000E+00    0.10157868552536332572E+05    0.00000000000000000000E+00    0.00000000000000000000E+00    0.15135019303247847500E+01    0.00000000000000000000E+00    0.00000000000000000000E+00    0.10156355050606007353E+05    0.00000000000000000000E+00
    0.166090799290065E+15    0.00000000000000000000E+00    0.12503960429167247639E+05    0.00000000000000000000E+00    0.00000000000000000000E+00    0.15973660992745748466E+01    0.00000000000000000000E+00    0.00000000000000000000E+00    0.12502363063067972689E+05    0.00000000000000000000E+00
    0.167496258621810E+15    0.00000000000000000000E+00    0.15710028320110444838E+05    0.00000000000000000000E+00    0.00000000000000000000E+00    0.16794959147496733021E+01    0.00000000000000000000E+00    0.00000000000000000000E+00    0.15708348824195694760E+05    0.00000000000000000000E+00
    0.168834693373169E+15    0.00000000000000000000E+00    0.20128834007688281417E+05    0.00000000000000000000E+00    0.00000000000000000000E+00    0.18012108242317641515E+01    0.00000000000000000000E+00    0.00000000000000000000E+00    0.20127032796864048578E+05    0.00000000000000000000E+00
    0.170086239958234E+15    0.00000000000000000000E+00    0.26271207865874435811E+05    0.00000000000000000000E+00    0.00000000000000000000E+00    0.19308898805005989541E+01    0.00000000000000000000E+00    0.00000000000000000000E+00    0.26269276975993936503E+05    0.00000000000000000000E+00
    0.171236717375834E+15    0.00000000000000000000E+00    0.34878747355099243578E+05    0.00000000000000000000E+00    0.00000000000000000000E+00    0.20769263623816187625E+01    0.00000000000000000000E+00    0.00000000000000000000E+00    0.34876670428736862959E+05    0.00000000000000000000E+00
    0.172277793383491E+15    0.00000000000000000000E+00    0.47029860073605341313E+05    0.00000000000000000000E+00    0.00000000000000000000E+00    0.22270771195285661292E+01    0.00000000000000000000E+00    0.00000000000000000000E+00    0.47027632996485815966E+05    0.00000000000000000000E+00
    0.173206571409986E+15    0.00000000000000000000E+00    0.64293746794897735526E+05    0.00000000000000000000E+00    0.00000000000000000000E+00    0.23973705029770049357E+01    0.00000000000000000000E+00    0.00000000000000000000E+00    0.64291349424394757079E+05    0.00000000000000000000E+00
    0.174024699223220E+15    0.00000000000000000000E+00    0.88950220767714286922E+05    0.00000000000000000000E+00    0.00000000000000000000E+00    0.25743719077712712284E+01    0.00000000000000000000E+00    0.00000000000000000000E+00    0.88947646395806514192E+05    0.00000000000000000000E+00
    0.174737333133016E+15    0.00000000000000000000E+00    0.12430014600559623796E+06    0.00000000000000000000E+00    0.00000000000000000000E+00    0.27539698028061772028E+01    0.00000000000000000000E+00    0.00000000000000000000E+00    0.12429739203579342575E+06    0.00000000000000000000E+00
    0.175352045625297E+15    0.00000000000000000000E+00    0.17509048896488564787E+06    0.00000000000000000000E+00    0.00000000000000000000E+00    0.29423807095392597866E+01    0.00000000000000000000E+00    0.00000000000000000000E+00    0.17508754658417610335E+06    0.00000000000000000000E+00
    0.175877842442614E+15    0.00000000000000000000E+00    0.24807127178170791012E+06    0.00000000000000000000E+00    0.00000000000000000000E+00    0.31152850873006099341E+01    0.00000000000000000000E+00    0.00000000000000000000E+00    0.24806815649662062060E+06    0.00000000000000000000E+00
    0.176324350520631E+15    0.00000000000000000000E+00    0.35266923440121393651E+06    0.00000000000000000000E+00    0.00000000000000000000E+00    0.32795599886364934505E+01    0.00000000000000000000E+00    0.00000000000000000000E+00    0.35266595484122529160E+06    0.00000000000000000000E+00
    0.176701214397871E+15    0.00000000000000000000E+00    0.50168842187716625631E+06    0.00000000000000000000E+00    0.00000000000000000000E+00    0.34326675120191638690E+01    0.00000000000000000000E+00    0.00000000000000000000E+00    0.50168498920965421712E+06    0.00000000000000000000E+00
    0.177017653132024E+15    0.00000000000000000000E+00    0.71176979604757134803E+06    0.00000000000000000000E+00    0.00000000000000000000E+00    0.35728769182285082806E+01    0.00000000000000000000E+00    0.00000000000000000000E+00    0.71176622317065310199E+06    0.00000000000000000000E+00
    0.177282202678662E+15    0.00000000000000000000E+00    0.10030843565540881827E+07    0.00000000000000000000E+00    0.00000000000000000000E+00    0.36878845202829104721E+01    0.00000000000000000000E+00    0.00000000000000000000E+00    0.10030806686695679091E+07    0.00000000000000000000E+00
    0.177502569216638E+15    0.00000000000000000000E+00    0.13973641445221134927E+07    0.00000000000000000000E+00    0.00000000000000000000E+00    0.38115451639303090658E+01    0.00000000000000000000E+00    0.00000000000000000000E+00    0.13973603329769496340E+07    0.00000000000000000000E+00
    0.177685575694587E+15    0.00000000000000000000E+00    0.19132305108251532074E+07    0.00000000000000000000E+00    0.00000000000000000000E+00    0.38984454992149650820E+01    0.00000000000000000000E+00    0.00000000000000000000E+00    0.19132266123796540778E+07    0.00000000000000000000E+00
    0.177837175859767E+15    0.00000000000000000000E+00    0.25584637400412214920E+07    0.00000000000000000000E+00    0.00000000000000000000E+00    0.39956578417092236677E+01    0.00000000000000000000E+00    0.00000000000000000000E+00    0.25584597443833798170E+07    0.00000000000000000000E+00
    0.177962497095444E+15    0.00000000000000000000E+00    0.33209577231845492497E+07    0.00000000000000000000E+00    0.00000000000000000000E+00    0.40573681544903452689E+01    0.00000000000000000000E+00    0.00000000000000000000E+00    0.33209536658163946122E+07    0.00000000000000000000E+00
    0.178065916269655E+15    0.00000000000000000000E+00    0.41633353588252291083E+07    0.00000000000000000000E+00    0.00000000000000000000E+00    0.41200351096088434488E+01    0.00000000000000000000E+00    0.00000000000000000000E+00    0.41633312387901195325E+07    0.00000000000000000000E+00
    0.178151139816250E+15    0.00000000000000000000E+00    0.50270589810912534595E+07    0.00000000000000000000E+00    0.00000000000000000000E+00    0.41731288454012220868E+01    0.00000000000000000000E+00    0.00000000000000000000E+00    0.50270548079624082893E+07    0.00000000000000000000E+00
    0.178221286787595E+15    0.00000000000000000000E+00    0.58472065232192985713E+07    0.00000000000000000000E+00    0.00000000000000000000E+00    0.42299692132759085794E+01    0.00000000000000000000E+00    0.00000000000000000000E+00    0.58472022932500848547E+07    0.00000000000000000000E+00
    0.178278968314738E+15    0.00000000000000000000E+00    0.65708914299064772204E+07    0.00000000000000000000E+00    0.00000000000000000000E+00    0.42675139834488158286E+01    0.00000000000000000000E+00    0.00000000000000000000E+00    0.65708871623924933374E+07    0.00000000000000000000E+00
    0.178326362493289E+15    0.00000000000000000000E+00    0.71691282693757861853E+07    0.00000000000000000000E+00    0.00000000000000000000E+00    0.42988573824190305928E+01    0.00000000000000000000E+00    0.00000000000000000000E+00    0.71691239705184036866E+07    0.00000000000000000000E+00
    0.178365278401605E+15    0.00000000000000000000E+00    0.76374478736778479069E+07    0.00000000000000000000E+00    0.00000000000000000000E+00    0.43249345771808629380E+01    0.00000000000000000000E+00    0.00000000000000000000E+00    0.76374435487432703376E+07    0.00000000000000000000E+00
    0.178397215594651E+15    0.00000000000000000000E+00    0.79886085570922559127E+07    0.00000000000000000000E+00    0.00000000000000000000E+00    0.43343167884894846509E+01    0.00000000000000000000E+00    0.00000000000000000000E+00    0.79886042227754676715E+07    0.00000000000000000000E+00
    0.178423414033841E+15    0.00000000000000000000E+00    0.82434662886555269361E+07    0.00000000000000000000E+00    0.00000000000000000000E+00    0.43521964907944354906E+01    0.00000000000000000000E+00    0.00000000000000000000E+00    0.82434619364590365440E+07    0.00000000000000000000E+00
    0.178444897160666E+15    0.00000000000000000000E+00    0.84240577141902819276E+07    0.00000000000000000000E+00    0.00000000000000000000E+00    0.43669665630308038828E+01    0.00000000000000000000E+00    0.00000000000000000000E+00    0.84240533472237195820E+07    0.00000000000000000000E+00
    0.178462508355853E+15    0.00000000000000000000E+00    0.85498490228742808104E+07    0.00000000000000000000E+00    0.00000000000000000000E+00    0.43791482112096131729E+01    0.00000000000000000000E+00    0.00000000000000000000E+00    0.85498446437260694802E+07    0.00000000000000000000E+00
    0.178476942134266E+15    0.00000000000000000000E+00    0.86364179989244081080E+07    0.00000000000000000000E+00    0.00000000000000000000E+00    0.43891818920127505521E+01    0.00000000000000000000E+00    0.00000000000000000000E+00    0.86364136097425166517E+07    0.00000000000000000000E+00
    0.178488769339316E+15    0.00000000000000000000E+00    0.86954935551673527807E+07    0.00000000000000000000E+00    0.00000000000000000000E+00    0.43974373034786102821E+01    0.00000000000000000000E+00    0.00000000000000000000E+00    0.86954891577300485224E+07    0.00000000000000000000E+00
    0.178498459110346E+15    0.00000000000000000000E+00    0.87355716184294261038E+07    0.00000000000000000000E+00    0.00000000000000000000E+00    0.44042235259596793640E+01    0.00000000000000000000E+00    0.00000000000000000000E+00    0.87355672142059002072E+07    0.00000000000000000000E+00
    0.178506396669524E+15    0.00000000000000000000E+00    0.87626505930424351245E+07    0.00000000000000000000E+00    0.00000000000000000000E+00    0.44097979201531005700E+01    0.00000000000000000000E+00    0.00000000000000000000E+00    0.87626461832445152104E+07    0.00000000000000000000E+00
    0.178512898160810E+15    0.00000000000000000000E+00    0.87808942897196859121E+07    0.00000000000000000000E+00    0.00000000000000000000E+00    0.44143741160593510386E+01    0.00000000000000000000E+00    0.00000000000000000000E+00    0.87808898753455691040E+07    0.00000000000000000000E+00
    0.178518222893498E+15    0.00000000000000000000E+00    0.87931602605344541371E+07    0.00000000000000000000E+00    0.00000000000000000000E+00    0.44181289749766046171E+01    0.00000000000000000000E+00    0.00000000000000000000E+00    0.87931558424054794014E+07    0.00000000000000000000E+00
    0.178522583590838E+15    0.00000000000000000000E+00    0.88013948481806460768E+07    0.00000000000000000000E+00    0.00000000000000000000E+00    0.44212086925502909196E+01    0.00000000000000000000E+00    0.00000000000000000000E+00    0.88013904269719533622E+07    0.00000000000000000000E+00
    0.178526154552459E+15    0.00000000000000000000E+00    0.88069165709008015692E+07    0.00000000000000000000E+00    0.00000000000000000000E+00    0.44237338022980861041E+01    0.00000000000000000000E+00    0.00000000000000000000E+00    0.88069121471669990569E+07    0.00000000000000000000E+00
    0.178529078658186E+15    0.00000000000000000000E+00    0.88106156477821804583E+07    0.00000000000000000000E+00    0.00000000000000000000E+00    0.44258036132552973640E+01    0.00000000000000000000E+00    0.00000000000000000000E+00    0.88106112219785675406E+07    0.00000000000000000000E+00
    0.178531472985274E+15    0.00000000000000000000E+00    0.88130916210256386548E+07    0.00000000000000000000E+00    0.00000000000000000000E+00    0.44274998388476980438E+01    0.00000000000000000000E+00    0.00000000000000000000E+00    0.88130871935258004814E+07    0.00000000000000000000E+00
    0.178533433452433E+15    0.00000000000000000000E+00    0.88147475455103348941E+07    0.00000000000000000000E+00    0.00000000000000000000E+00    0.44288896527362169309E+01    0.00000000000000000000E+00    0.00000000000000000000E+00    0.88147431166206821799E+07    0.00000000000000000000E+00
    0.178535038624631E+15    0.00000000000000000000E+00    0.88158540894376635551E+07    0.00000000000000000000E+00    0.00000000000000000000E+00    0.44300282284278811318E+01    0.00000000000000000000E+00    0.00000000000000000000E+00    0.88158496594094354659E+07    0.00000000000000000000E+00
    0.178536352878402E+15    0.00000000000000000000E+00    0.88165928303985521197E+07    0.00000000000000000000E+00    0.00000000000000000000E+00    0.44309608784062222142E+01    0.00000000000000000000E+00    0.00000000000000000000E+00    0.88165883994376733899E+07    0.00000000000000000000E+00
    0.178537428912789E+15    0.00000000000000000000E+00    0.88170854767152722925E+07    0.00000000000000000000E+00    0.00000000000000000000E+00    0.44317247646844677433E+01    0.00000000000000000000E+00    0.00000000000000000000E+00    0.88170810449905078858E+07    0.00000000000000000000E+00
    0.178538309893979E+15    0.00000000000000000000E+00    0.88174135999742224813E+07    0.00000000000000000000E+00    0.00000000000000000000E+00    0.44323503733507889635E+01    0.00000000000000000000E+00    0.00000000000000000000E+00    0.88174091676238495857E+07    0.00000000000000000000E+00
    0.178539031170598E+15    0.00000000000000000000E+00    0.88176318017147220671E+07    0.00000000000000000000E+00    0.00000000000000000000E+00    0.44328627004632528141E+01    0.00000000000000000000E+00    0.00000000000000000000E+00    0.88176273688520211726E+07    0.00000000000000000000E+00
    0.178539621688081E+15    0.00000000000000000000E+00    0.88177766308485865593E+07    0.00000000000000000000E+00    0.00000000000000000000E+00    0.44332822350729506056E+01    0.00000000000000000000E+00    0.00000000000000000000E+00    0.88177721975663509220E+07    0.00000000000000000000E+00
    0.178540105145046E+15    0.00000000000000000000E+00    0.88178725342245884240E+07    0.00000000000000000000E+00    0.00000000000000000000E+00    0.44336257662638454136E+01    0.00000000000000000000E+00    0.00000000000000000000E+00    0.88178681005988214165E+07    0.00000000000000000000E+00
    0.178540500953561E+15    0.00000000000000000000E+00    0.88179358554658703506E+07    0.00000000000000000000E+00    0.00000000000000000000E+00    0.44339070557629280955E+01    0.00000000000000000000E+00    0.00000000000000000000E+00    0.88179314215588141233E+07    0.00000000000000000000E+00
    0.178540825000000E+15    0.00000000000000000000E+00    0.88179775107357669622E+07    0.00000000000000000000E+00    0.00000000000000000000E+00    0.44341373721236605476E+01    0.00000000000000000000E+00    0.00000000000000000000E+00    0.88179730765983946621E+07    0.00000000000000000000E+00
    0.178549468409899E+15    0.00000000000000000000E+00    0.88157041194878648967E+07    0.00000000000000000000E+00    0.00000000000000000000E+00    0.44402893582516647086E+01    0.00000000000000000000E+00    0.00000000000000000000E+00    0.88156996791985072196E+07    0.00000000000000000000E+00
    0.178559021074688E+15    0.00000000000000000000E+00    0.88056146539419107139E+07    0.00000000000000000000E+00    0.00000000000000000000E+00    0.44471080161365224015E+01    0.00000000000000000000E+00    0.00000000000000000000E+00    0.88056102068338952959E+07    0.00000000000000000000E+00
    0.178569578633354E+15    0.00000000000000000000E+00    0.87852716785434987396E+07    0.00000000000000000000E+00    0.00000000000000000000E+00    0.44546678942749577956E+01    0.00000000000000000000E+00    0.00000000000000000000E+00    0.87852672238756045699E+07    0.00000000000000000000E+00
    0.178581246777538E+15    0.00000000000000000000E+00    0.87517159269310552627E+07    0.00000000000000000000E+00    0.00000000000000000000E+00    0.44755118588217817077E+01    0.00000000000000000000E+00    0.00000000000000000000E+00    0.87517114514191970229E+07    0.00000000000000000000E+00
    0.178594142317419E+15    0.00000000000000000000E+00    0.87014161262154728174E+07    0.00000000000000000000E+00    0.00000000000000000000E+00    0.44848283471620007390E+01    0.00000000000000000000E+00    0.00000000000000000000E+00    0.87014116413871254772E+07    0.00000000000000000000E+00
    0.178608394348340E+15    0.00000000000000000000E+00    0.86302457374754529446E+07    0.00000000000000000000E+00    0.00000000000000000000E+00    0.44951692319873473025E+01    0.00000000000000000000E+00    0.00000000000000000000E+00    0.86302412423062212765E+07    0.00000000000000000000E+00
    0.178624145515449E+15    0.00000000000000000000E+00    0.85335097249725069851E+07    0.00000000000000000000E+00    0.00000000000000000000E+00    0.45066524283721740574E+01    0.00000000000000000000E+00    0.00000000000000000000E+00    0.85335052183200791478E+07    0.00000000000000000000E+00
    0.178641553501466E+15    0.00000000000000000000E+00    0.84060470474569592625E+07    0.00000000000000000000E+00    0.00000000000000000000E+00    0.45194106661098665256E+01    0.00000000000000000000E+00    0.00000000000000000000E+00    0.84060425280462931842E+07    0.00000000000000000000E+00
    0.178660792527954E+15    0.00000000000000000000E+00    0.82424422417014408857E+07    0.00000000000000000000E+00    0.00000000000000000000E+00    0.45335935661308441880E+01    0.00000000000000000000E+00    0.00000000000000000000E+00    0.82424377081078747287E+07    0.00000000000000000000E+00
    0.178682055124580E+15    0.00000000000000000000E+00    0.80373749370863270015E+07    0.00000000000000000000E+00    0.00000000000000000000E+00    0.45493701609519705542E+01    0.00000000000000000000E+00    0.00000000000000000000E+00    0.80373703877161657438E+07    0.00000000000000000000E+00
    0.178705554105187E+15    0.00000000000000000000E+00    0.77861247315469095483E+07    0.00000000000000000000E+00    0.00000000000000000000E+00    0.45669318815531445566E+01    0.00000000000000000000E+00    0.00000000000000000000E+00    0.77861201646150276065E+07    0.00000000000000000000E+00
    0.178731524598319E+15    0.00000000000000000000E+00    0.74852226802934864536E+07    0.00000000000000000000E+00    0.00000000000000000000E+00    0.45864959800705467075E+01    0.00000000000000000000E+00    0.00000000000000000000E+00    0.74852180937975067645E+07    0.00000000000000000000E+00
    0.178760226432906E+15    0.00000000000000000000E+00    0.71331901432908494025E+07    0.00000000000000000000E+00    0.00000000000000000000E+00    0.46083097184854286965E+01    0.00000000000000000000E+00    0.00000000000000000000E+00    0.71331855349811306223E+07    0.00000000000000000000E+00
    0.178791946777928E+15    0.00000000000000000000E+00    0.67312523985489988700E+07    0.00000000000000000000E+00    0.00000000000000000000E+00    0.46200048144752541290E+01    0.00000000000000000000E+00    0.00000000000000000000E+00    0.67312477785441847518E+07    0.00000000000000000000E+00
    0.178827003002379E+15    0.00000000000000000000E+00    0.62838651683573927730E+07    0.00000000000000000000E+00    0.00000000000000000000E+00    0.46471654301135805198E+01    0.00000000000000000000E+00    0.00000000000000000000E+00    0.62838605211919629946E+07    0.00000000000000000000E+00
    0.178865745644944E+15    0.00000000000000000000E+00    0.57988763397577600554E+07    0.00000000000000000000E+00    0.00000000000000000000E+00    0.46775480815140744184E+01    0.00000000000000000000E+00    0.00000000000000000000E+00    0.57988716622096784413E+07    0.00000000000000000000E+00
    0.178908562217158E+15    0.00000000000000000000E+00    0.52871821463255360723E+07    0.00000000000000000000E+00    0.00000000000000000000E+00    0.47115809846115306314E+01    0.00000000000000000000E+00    0.00000000000000000000E+00    0.52871774347445517778E+07    0.00000000000000000000E+00
    0.178955880933772E+15    0.00000000000000000000E+00    0.47618666978596290573E+07    0.00000000000000000000E+00    0.00000000000000000000E+00    0.47497604504511512502E+01    0.00000000000000000000E+00    0.00000000000000000000E+00    0.47618619480991782621E+07    0.00000000000000000000E+00
    0.179008174737135E+15    0.00000000000000000000E+00    0.42369442045895876363E+07    0.00000000000000000000E+00    0.00000000000000000000E+00    0.48055851541988117148E+01    0.00000000000000000000E+00    0.00000000000000000000E+00    0.42369393990044333041E+07    0.00000000000000000000E+00
    0.179065966420005E+15    0.00000000000000000000E+00    0.37259434242908535525E+07    0.00000000000000000000E+00    0.00000000000000000000E+00    0.48539612069782887005E+01    0.00000000000000000000E+00    0.00000000000000000000E+00    0.37259385703296465799E+07    0.00000000000000000000E+00
    0.179129833647666E+15    0.00000000000000000000E+00    0.32406390085356477648E+07    0.00000000000000000000E+00    0.00000000000000000000E+00    0.49085439122415381874E+01    0.00000000000000000000E+00    0.00000000000000000000E+00    0.32406340999917355366E+07    0.00000000000000000000E+00
    0.179200414373952E+15    0.00000000000000000000E+00    0.27901591469577508979E+07    0.00000000000000000000E+00    0.00000000000000000000E+00    0.49571617332852415672E+01    0.00000000000000000000E+00    0.00000000000000000000E+00    0.27901541897960174829E+07    0.00000000000000000000E+00
    0.179278413736208E+15    0.00000000000000000000E+00    0.23805743868129220791E+07    0.00000000000000000000E+00    0.00000000000000000000E+00    0.50270746807817054957E+01    0.00000000000000000000E+00    0.00000000000000000000E+00    0.23805693597382414155E+07    0.00000000000000000000E+00
    0.179364610809910E+15    0.00000000000000000000E+00    0.20149560085089174099E+07    0.00000000000000000000E+00    0.00000000000000000000E+00    0.51066118304072771750E+01    0.00000000000000000000E+00    0.00000000000000000000E+00    0.20149509018970869947E+07    0.00000000000000000000E+00
    0.179459865741893E+15    0.00000000000000000000E+00    0.16937760268895530608E+07    0.00000000000000000000E+00    0.00000000000000000000E+00    0.52108988960535196355E+01    0.00000000000000000000E+00    0.00000000000000000000E+00    0.16937708159906570800E+07    0.00000000000000000000E+00
    0.179565129758970E+15    0.00000000000000000000E+00    0.14154846975018205121E+07    0.00000000000000000000E+00    0.00000000000000000000E+00    0.53151403657637033007E+01    0.00000000000000000000E+00    0.00000000000000000000E+00    0.14154793823614546563E+07    0.00000000000000000000E+00
    0.179681452764156E+15    0.00000000000000000000E+00    0.11771424776874724776E+07    0.00000000000000000000E+00    0.00000000000000000000E+00    0.54214305928896999731E+01    0.00000000000000000000E+00    0.00000000000000000000E+00    0.11771370562568795867E+07    0.00000000000000000000E+00
    0.179809994387332E+15    0.00000000000000000000E+00    0.97498609900167840533E+06    0.00000000000000000000E+00    0.00000000000000000000E+00    0.55741910585200455941E+01    0.00000000000000000000E+00    0.00000000000000000000E+00    0.97498052481061988510E+06    0.00000000000000000000E+00
    0.179952036689291E+15    0.00000000000000000000E+00    0.80488804022197797894E+06    0.00000000000000000000E+00    0.00000000000000000000E+00    0.57361160381738560687E+01    0.00000000000000000000E+00    0.00000000000000000000E+00    0.80488230410593980923E+06    0.00000000000000000000E+00
    0.180108994481722E+15    0.00000000000000000000E+00    0.66269795436494227033E+06    0.00000000000000000000E+00    0.00000000000000000000E+00    0.59117299919201551361E+01    0.00000000000000000000E+00    0.00000000000000000000E+00    0.66269204263495036867E+06    0.00000000000000000000E+00
    0.180282430143366E+15    0.00000000000000000000E+00    0.54446504586176283192E+06    0.00000000000000000000E+00    0.00000000000000000000E+00    0.61510889109696478272E+01    0.00000000000000000000E+00    0.00000000000000000000E+00    0.54445889477285183966E+06    0.00000000000000000000E+00
    0.180474070645085E+15    0.00000000000000000000E+00    0.44656938068725157063E+06    0.00000000000000000000E+00    0.00000000000000000000E+00    0.64050599990674053075E+01    0.00000000000000000000E+00    0.00000000000000000000E+00    0.44656297562725248281E+06    0.00000000000000000000E+00
    0.180685821331792E+15    0.00000000000000000000E+00    0.36578715160535258474E+06    0.00000000000000000000E+00    0.00000000000000000000E+00    0.67459339120243280163E+01    0.00000000000000000000E+00    0.00000000000000000000E+00    0.36578040567144058878E+06    0.00000000000000000000E+00
    0.180919785738735E+15    0.00000000000000000000E+00    0.29930528241302893730E+06    0.00000000000000000000E+00    0.00000000000000000000E+00    0.71307878759872656005E+01    0.00000000000000000000E+00    0.00000000000000000000E+00    0.29929815162515296834E+06    0.00000000000000000000E+00
    0.181178288347815E+15    0.00000000000000000000E+00    0.24470698854531612596E+06    0.00000000000000000000E+00    0.00000000000000000000E+00    0.76497437090532596216E+01    0.00000000000000000000E+00    0.00000000000000000000E+00    0.24469933880160708213E+06    0.00000000000000000000E+00
    0.181463892921126E+15    0.00000000000000000000E+00    0.19994180117410051753E+06    0.00000000000000000000E+00    0.00000000000000000000E+00    0.82978950811288569867E+01    0.00000000000000000000E+00    0.00000000000000000000E+00    0.19993350327901937999E+06    0.00000000000000000000E+00
    0.181779428916679E+15    0.00000000000000000000E+00    0.16328558560497837607E+06    0.00000000000000000000E+00    0.00000000000000000000E+00    0.91461725054853655337E+01    0.00000000000000000000E+00    0.00000000000000000000E+00    0.16327643943247289280E+06    0.00000000000000000000E+00
    0.182128021797280E+15    0.00000000000000000000E+00    0.13329876388460732414E+06    0.00000000000000000000E+00    0.00000000000000000000E+00    0.10366830476337343114E+02    0.00000000000000000000E+00    0.00000000000000000000E+00    0.13328839705413099728E+06    0.00000000000000000000E+00
    0.182513117288343E+15    0.00000000000000000000E+00    0.10878662389637222805E+06    0.00000000000000000000E+00    0.00000000000000000000E+00    0.12199315667133133090E+02    0.00000000000000000000E+00    0.00000000000000000000E+00    0.10877442458070509019E+06    0.00000000000000000000E+00
    0.182938516430807E+15    0.00000000000000000000E+00    0.88761482811110734474E+05    0.00000000000000000000E+00    0.00000000000000000000E+00    0.14842906447510877399E+02    0.00000000000000000000E+00    0.00000000000000000000E+00    0.88746639904663228663E+05    0.00000000000000000000E+00
    0.183408415753117E+15    0.00000000000000000000E+00    0.72409028000356207485E+05    0.00000000000000000000E+00    0.00000000000000000000E+00    0.18094606904910929046E+02    0.00000000000000000000E+00    0.00000000000000000000E+00    0.72390933393451297889E+05    0.00000000000000000000E+00
    0.183927439129933E+15    0.00000000000000000000E+00    0.59060245604505988013E+05    0.00000000000000000000E+00    0.00000000000000000000E+00    0.21876700179062510188E+02    0.00000000000000000000E+00    0.00000000000000000000E+00    0.59038368904326925986E+05    0.00000000000000000000E+00
    0.184500684005980E+15    0.00000000000000000000E+00    0.48166584797060953861E+05    0.00000000000000000000E+00    0.00000000000000000000E+00    0.26242425485184561751E+02    0.00000000000000000000E+00    0.00000000000000000000E+00    0.48140342371575767174E+05    0.00000000000000000000E+00
    0.185133774285355E+15    0.00000000000000000000E+00    0.39278889666650691652E+05    0.00000000000000000000E+00    0.00000000000000000000E+00    0.31614183335855308599E+02    0.00000000000000000000E+00    0.00000000000000000000E+00    0.39247275483314835583E+05    0.00000000000000000000E+00
    0.185832901739898E+15    0.00000000000000000000E+00    0.32030053136171503866E+05    0.00000000000000000000E+00    0.00000000000000000000E+00    0.38267118388332889367E+02    0.00000000000000000000E+00    0.00000000000000000000E+00    0.31991786017783171701E+05    0.00000000000000000000E+00
    0.186604886437939E+15    0.00000000000000000000E+00    0.26120694356465002784E+05    0.00000000000000000000E+00    0.00000000000000000000E+00    0.47039878813321166717E+02    0.00000000000000000000E+00    0.00000000000000000000E+00    0.26073654477651682100E+05    0.00000000000000000000E+00
    0.187457245733673E+15    0.00000000000000000000E+00    0.21307742196324834367E+05    0.00000000000000000000E+00    0.00000000000000000000E+00    0.57649827684548654361E+02    0.00000000000000000000E+00    0.00000000000000000000E+00    0.21250092368640285713E+05    0.00000000000000000000E+00
    0.188398247299275E+15    0.00000000000000000000E+00    0.17390022887226328749E+05    0.00000000000000000000E+00    0.00000000000000000000E+00    0.60214813914335422851E+02    0.00000000000000000000E+00    0.00000000000000000000E+00    0.17329808073311993212E+05    0.00000000000000000000E+00
    0.189436987172313E+15    0.00000000000000000000E+00    0.14196564602663771439E+05    0.00000000000000000000E+00    0.00000000000000000000E+00    0.58442058270824531974E+02    0.00000000000000000000E+00    0.00000000000000000000E+00    0.14138122544392947020E+05    0.00000000000000000000E+00
    0.190583475032548E+15    0.00000000000000000000E+00    0.11594581912774398006E+05    0.00000000000000000000E+00    0.00000000000000000000E+00    0.58199659301676994971E+02    0.00000000000000000000E+00    0.00000000000000000000E+00    0.11536382253472720549E+05    0.00000000000000000000E+00
    0.191848714524332E+15    0.00000000000000000000E+00    0.94764860627709786058E+04    0.00000000000000000000E+00    0.00000000000000000000E+00    0.57395029461756152500E+02    0.00000000000000000000E+00    0.00000000000000000000E+00    0.94190910333092233486E+04    0.00000000000000000000E+00
    0.193244786419521E+15    0.00000000000000000000E+00    0.77534617997853574707E+04    0.00000000000000000000E+00    0.00000000000000000000E+00    0.57287474510132724959E+02    0.00000000000000000000E+00    0.00000000000000000000E+00    0.76961743252752248736E+04    0.00000000000000000000E+00
    0.194784957222722E+15    0.00000000000000000000E+00    0.63531381745976232196E+04    0.00000000000000000000E+00    0.00000000000000000000E+00    0.57377605909296818254E+02    0.00000000000000000000E+00    0.00000000000000000000E+00    0.62957605686883262024E+04    0.00000000000000000000E+00
    0.196483781323634E+15    0.00000000000000000000E+00    0.52163573942118873674E+04    0.00000000000000000000E+00    0.00000000000000000000E+00    0.57639501862410568833E+02    0.00000000000000000000E+00    0.00000000000000000000E+00    0.51587178923494766423E+04    0.00000000000000000000E+00
    0.198357213453088E+15    0.00000000000000000000E+00    0.42947925968599474800E+04    0.00000000000000000000E+00    0.00000000000000000000E+00    0.58442575273219958376E+02    0.00000000000000000000E+00    0.00000000000000000000E+00    0.42363500215867279621E+04    0.00000000000000000000E+00
    0.200422715364859E+15    0.00000000000000000000E+00    0.35492359163860628541E+04    0.00000000000000000000E+00    0.00000000000000000000E+00    0.58646249082118984575E+02    0.00000000000000000000E+00    0.00000000000000000000E+00    0.34905896673039437701E+04    0.00000000000000000000E+00
    0.202699431957268E+15    0.00000000000000000000E+00    0.29473464105986845425E+04    0.00000000000000000000E+00    0.00000000000000000000E+00    0.59772892953739237498E+02    0.00000000000000000000E+00    0.00000000000000000000E+00    0.28875735176449452410E+04    0.00000000000000000000E+00
    0.205208250922435E+15    0.00000000000000000000E+00    0.24631238969781438755E+04    0.00000000000000000000E+00    0.00000000000000000000E+00    0.60693419753171262698E+02    0.00000000000000000000E+00    0.00000000000000000000E+00    0.24024304772249724920E+04    0.00000000000000000000E+00
    0.207971988505654E+15    0.00000000000000000000E+00    0.20751956566961562203E+04    0.00000000000000000000E+00    0.00000000000000000000E+00    0.61798723467092763428E+02    0.00000000000000000000E+00    0.00000000000000000000E+00    0.20133969332290635066E+04    0.00000000000000000000E+00
    0.211015520806088E+15    0.00000000000000000000E+00    0.17662071160789284932E+04    0.00000000000000000000E+00    0.00000000000000000000E+00    0.63103733675058883534E+02    0.00000000000000000000E+00    0.00000000000000000000E+00    0.17031033824038695457E+04    0.00000000000000000000E+00
    0.214365929916935E+15    0.00000000000000000000E+00    0.15221164735602014844E+04    0.00000000000000000000E+00    0.00000000000000000000E+00    0.64225180186611567024E+02    0.00000000000000000000E+00    0.00000000000000000000E+00    0.14578912933735898605E+04    0.00000000000000000000E+00
    0.218052628619430E+15    0.00000000000000000000E+00    0.13313521961021044717E+04    0.00000000000000000000E+00    0.00000000000000000000E+00    0.65981597352725373185E+02    0.00000000000000000000E+00    0.00000000000000000000E+00    0.12653705987493790417E+04    0.00000000000000000000E+00
    0.222107595776341E+15    0.00000000000000000000E+00    0.11847018319229571262E+04    0.00000000000000000000E+00    0.00000000000000000000E+00    0.68004062777161351505E+02    0.00000000000000000000E+00    0.00000000000000000000E+00    0.11166977691457957462E+04    0.00000000000000000000E+00
    0.226565388350727E+15    0.00000000000000000000E+00    0.10746848405327427827E+04    0.00000000000000000000E+00    0.00000000000000000000E+00    0.70322676820900014150E+02    0.00000000000000000000E+00    0.00000000000000000000E+00    0.10043621637118427543E+04    0.00000000000000000000E+00
    0.231463360465365E+15    0.00000000000000000000E+00    0.99529205134181813719E+03    0.00000000000000000000E+00    0.00000000000000000000E+00    0.72972272643882206467E+02    0.00000000000000000000E+00    0.00000000000000000000E+00    0.92231977869793593072E+03    0.00000000000000000000E+00
    0.236841764122251E+15    0.00000000000000000000E+00    0.94173006359834846535E+03    0.00000000000000000000E+00    0.00000000000000000000E+00    0.75992776592093235877E+02    0.00000000000000000000E+00    0.00000000000000000000E+00    0.86573728700625520105E+03    0.00000000000000000000E+00
    0.242743815652064E+15    0.00000000000000000000E+00    0.91014064245433178257E+03    0.00000000000000000000E+00    0.00000000000000000000E+00    0.79900589402676942541E+02    0.00000000000000000000E+00    0.00000000000000000000E+00    0.83024005305165485424E+03    0.00000000000000000000E+00
    0.249215915546786E+15    0.00000000000000000000E+00    0.89772172419763649032E+03    0.00000000000000000000E+00    0.00000000000000000000E+00    0.83823677076280304732E+02    0.00000000000000000000E+00    0.00000000000000000000E+00    0.81389804712135617137E+03    0.00000000000000000000E+00
    0.256307483866315E+15    0.00000000000000000000E+00    0.90215711890014438268E+03    0.00000000000000000000E+00    0.00000000000000000000E+00    0.88278014906165935827E+02    0.00000000000000000000E+00    0.00000000000000000000E+00    0.81387910399397844685E+03    0.00000000000000000000E+00
    0.264071097157508E+15    0.00000000000000000000E+00    0.92179948752946438617E+03    0.00000000000000000000E+00    0.00000000000000000000E+00    0.93332811662252822771E+02    0.00000000000000000000E+00    0.00000000000000000000E+00    0.82846667586721150656E+03    0.00000000000000000000E+00
    0.272562402478596E+15    0.00000000000000000000E+00    0.95550444825791635139E+03    0.00000000000000000000E+00    0.00000000000000000000E+00    0.99066842399585723911E+02    0.00000000000000000000E+00    0.00000000000000000000E+00    0.85643760585833058485E+03    0.00000000000000000000E+00
    0.281839998764961E+15    0.00000000000000000000E+00    0.10025628514950349199E+04    0.00000000000000000000E+00    0.00000000000000000000E+00    0.10556959543525880463E+03    0.00000000000000000000E+00    0.00000000000000000000E+00    0.89699325605977605846E+03    0.00000000000000000000E+00
    0.291965176485821E+15    0.00000000000000000000E+00    0.10627321570973556391E+04    0.00000000000000000000E+00    0.00000000000000000000E+00    0.11235584842253486215E+03    0.00000000000000000000E+00    0.00000000000000000000E+00    0.95037630867482084795E+03    0.00000000000000000000E+00
    0.303001869709535E+15    0.00000000000000000000E+00    0.11358419066470808048E+04    0.00000000000000000000E+00    0.00000000000000000000E+00    0.12068946527140921887E+03    0.00000000000000000000E+00    0.00000000000000000000E+00    0.10151524413756715148E+04    0.00000000000000000000E+00
    0.315015897094453E+15    0.00000000000000000000E+00    0.12221815000751585103E+04    0.00000000000000000000E+00    0.00000000000000000000E+00    0.13077889594949749608E+03    0.00000000000000000000E+00    0.00000000000000000000E+00    0.10914026041256611279E+04    0.00000000000000000000E+00
    0.328074669436269E+15    0.00000000000000000000E+00    0.13225032880958942769E+04    0.00000000000000000000E+00    0.00000000000000000000E+00    0.14151979409886246231E+03    0.00000000000000000000E+00    0.00000000000000000000E+00    0.11809834939970317009E+04    0.00000000000000000000E+00
    0.342246466192382E+15    0.00000000000000000000E+00    0.14375188855239287022E+04    0.00000000000000000000E+00    0.00000000000000000000E+00    0.15369035856990350908E+03    0.00000000000000000000E+00    0.00000000000000000000E+00    0.12838285269540251647E+04    0.00000000000000000000E+00
    0.357599614759172E+15    0.00000000000000000000E+00    0.15683486448905491670E+04    0.00000000000000000000E+00    0.00000000000000000000E+00    0.16673481558883563025E+03    0.00000000000000000000E+00    0.00000000000000000000E+00    0.14016138293017136220E+04    0.00000000000000000000E+00
    0.374201401711457E+15    0.00000000000000000000E+00    0.17158820277761305988E+04    0.00000000000000000000E+00    0.00000000000000000000E+00    0.18307827101427236016E+03    0.00000000000000000000E+00    0.00000000000000000000E+00    0.15328037567618582671E+04    0.00000000000000000000E+00
    0.392117310603234E+15    0.00000000000000000000E+00    0.18818092635408147544E+04    0.00000000000000000000E+00    0.00000000000000000000E+00    0.20072734136163413154E+03    0.00000000000000000000E+00    0.00000000000000000000E+00    0.16810819221791805376E+04    0.00000000000000000000E+00
    0.411409096128669E+15    0.00000000000000000000E+00    0.20675264395825697648E+04    0.00000000000000000000E+00    0.00000000000000000000E+00    0.22066870914612687216E+03    0.00000000000000000000E+00    0.00000000000000000000E+00    0.18468577304364430347E+04    0.00000000000000000000E+00
    0.432133656450335E+15    0.00000000000000000000E+00    0.22746484680954827127E+04    0.00000000000000000000E+00    0.00000000000000000000E+00    0.24317133426315001543E+03    0.00000000000000000000E+00    0.00000000000000000000E+00    0.20314771338323325836E+04    0.00000000000000000000E+00
    0.454341267275963E+15    0.00000000000000000000E+00    0.25049658907002490196E+04    0.00000000000000000000E+00    0.00000000000000000000E+00    0.26755904654667762088E+03    0.00000000000000000000E+00    0.00000000000000000000E+00    0.22374068441535714555E+04    0.00000000000000000000E+00
    0.478073773909624E+15    0.00000000000000000000E+00    0.27599286122093149061E+04    0.00000000000000000000E+00    0.00000000000000000000E+00    0.29601211565039847073E+03    0.00000000000000000000E+00    0.00000000000000000000E+00    0.24639164965589166059E+04    0.00000000000000000000E+00
    0.503362529215497E+15    0.00000000000000000000E+00    0.30413108011161962168E+04    0.00000000000000000000E+00    0.00000000000000000000E+00    0.32793833499609360160E+03    0.00000000000000000000E+00    0.00000000000000000000E+00    0.27133724661201026720E+04    0.00000000000000000000E+00
    0.530227040710499E+15    0.00000000000000000000E+00    0.33506839856466626770E+04    0.00000000000000000000E+00    0.00000000000000000000E+00    0.36366862718243834252E+03    0.00000000000000000000E+00    0.00000000000000000000E+00    0.29870153584642243914E+04    0.00000000000000000000E+00
    0.558672128581706E+15    0.00000000000000000000E+00    0.36893101831127210062E+04    0.00000000000000000000E+00    0.00000000000000000000E+00    0.40474468378988149198E+03    0.00000000000000000000E+00    0.00000000000000000000E+00    0.32845654993228395142E+04    0.00000000000000000000E+00
    0.588686654796662E+15    0.00000000000000000000E+00    0.40588103634205781418E+04    0.00000000000000000000E+00    0.00000000000000000000E+00    0.44787578827165361872E+03    0.00000000000000000000E+00    0.00000000000000000000E+00    0.36109345751489245231E+04    0.00000000000000000000E+00
    0.620241695759784E+15    0.00000000000000000000E+00    0.44594920830603805371E+04    0.00000000000000000000E+00    0.00000000000000000000E+00    0.49835366542755309638E+03    0.00000000000000000000E+00    0.00000000000000000000E+00    0.39611384176328274407E+04    0.00000000000000000000E+00
    0.653289130396538E+15    0.00000000000000000000E+00    0.48923199517266129988E+04    0.00000000000000000000E+00    0.00000000000000000000E+00    0.55264080829500710479E+03    0.00000000000000000000E+00    0.00000000000000000000E+00    0.43396791434316055529E+04    0.00000000000000000000E+00
    0.687760389700887E+15    0.00000000000000000000E+00    0.53574049125984693092E+04    0.00000000000000000000E+00    0.00000000000000000000E+00    0.61076631187800035150E+03    0.00000000000000000000E+00    0.00000000000000000000E+00    0.47466386007204691850E+04    0.00000000000000000000E+00
    0.723566699685126E+15    0.00000000000000000000E+00    0.58538850117059419063E+04    0.00000000000000000000E+00    0.00000000000000000000E+00    0.67746997080291669135E+03    0.00000000000000000000E+00    0.00000000000000000000E+00    0.51764150409030253286E+04    0.00000000000000000000E+00
    0.760597828871554E+15    0.00000000000000000000E+00    0.63815020196942996336E+04    0.00000000000000000000E+00    0.00000000000000000000E+00    0.74670119960183717467E+03    0.00000000000000000000E+00    0.00000000000000000000E+00    0.56348008200924623452E+04    0.00000000000000000000E+00
    0.798723476773514E+15    0.00000000000000000000E+00    0.69381346063693436008E+04    0.00000000000000000000E+00    0.00000000000000000000E+00    0.82508879190776974610E+03    0.00000000000000000000E+00    0.00000000000000000000E+00    0.61130458144615740821E+04    0.00000000000000000000E+00
    0.837794311356200E+15    0.00000000000000000000E+00    0.75222573030934490816E+04    0.00000000000000000000E+00    0.00000000000000000000E+00    0.90759496570125793369E+03    0.00000000000000000000E+00    0.00000000000000000000E+00    0.66146623373921911480E+04    0.00000000000000000000E+00
    0.877643867622278E+15    0.00000000000000000000E+00    0.81313567508002452087E+04    0.00000000000000000000E+00    0.00000000000000000000E+00    0.99385357690221132998E+03    0.00000000000000000000E+00    0.00000000000000000000E+00    0.71375031738980342197E+04    0.00000000000000000000E+00
    0.918090839110555E+15    0.00000000000000000000E+00    0.87620129187751408608E+04    0.00000000000000000000E+00    0.00000000000000000000E+00    0.10874879711287198916E+04    0.00000000000000000000E+00    0.00000000000000000000E+00    0.76745249476464205145E+04    0.00000000000000000000E+00
    0.958943133780770E+15    0.00000000000000000000E+00    0.94109308134769489698E+04    0.00000000000000000000E+00    0.00000000000000000000E+00    0.11863497852189402693E+04    0.00000000000000000000E+00    0.00000000000000000000E+00    0.82245810282580077910E+04    0.00000000000000000000E+00
    0.100000000000000E+16    0.00000000000000000000E+00    0.10074266696789409252E+05    0.00000000000000000000E+00    0.00000000000000000000E+00    0.12900504538293523638E+04    0.00000000000000000000E+00    0.00000000000000000000E+00    0.87842162429600575706E+04    0.00000000000000000000E+00
